75 100
75 100
75 100
76 93
76 93
76 94
76 94
76 93
76 95
76 95
76 94
76 96
76 96
76 95
76 97
76 97
76 96
76 98
76 98
76 97
76 99
75 100
76 99
76 98
76 100
76 100
76 99
76 101
75 100
76 101
76 100
76 102
76 102
76 101
76 103
76 103
76 102
76 104
76 104
76 103
76 105
76 105
76 104
76 106
76 106
76 105
76 107
76 107
76 106
76 107
77 91
77 91
77 92
76 93
77 92
77 91
77 93
76 94
77 93
77 92
77 94
76 106
77 107
77 106
77 108
76 107
77 108
77 107
77 109
77 109
77 108
77 109
78 89
78 89
78 90
77 91
78 90
78 89
78 91
77 109
78 110
78 109
78 111
78 111
78 110
78 111
79 87
79 87
79 88
78 89
79 88
79 87
79 89
78 111
79 112
79 111
79 113
79 113
79 112
79 113
80 85
80 85
80 86
79 87
80 86
80 85
80 87
79 113
80 114
80 113
80 115
80 115
80 114
80 115
81 84
80 85
81 84
81 85
80 86
81 85
81 84
81 86
80 114
81 115
81 114
81 116
80 115
81 116
81 115
81 116
82 83
81 84
82 83
82 84
81 116
82 117
82 116
82 117
83 82
82 83
83 82
83 83
82 117
83 118
83 117
83 118
84 81
83 82
84 81
84 82
83 118
84 119
84 118
84 119
85 80
84 81
85 80
85 81
84 119
85 120
85 119
85 120
85 80
86 80
85 81
84 81
86 80
86 81
85 119
84 119
86 120
86 119
85 120
86 120
87 79
86 80
85 80
87 79
87 80
86 120
85 120
87 121
87 120
87 121
87 79
88 79
87 121
88 121
89 78
88 79
87 79
89 78
89 79
88 121
87 121
89 122
89 121
89 122
89 78
90 78
89 122
90 122
91 77
90 78
89 78
91 77
91 78
90 122
89 122
91 123
91 122
91 123
91 77
92 77
91 123
92 123
93 76
92 77
91 77
93 76
93 77
92 123
91 123
93 124
93 123
93 124
93 76
94 76
93 77
92 77
94 76
94 77
93 123
92 123
94 124
94 123
93 124
94 124
94 76
93 76
95 76
94 124
93 124
95 124
95 76
94 76
96 76
95 124
94 124
96 124
96 76
95 76
97 76
96 124
95 124
97 124
97 76
96 76
98 76
97 124
96 124
98 124
98 76
97 76
99 76
98 124
97 124
99 124
100 75
99 76
98 76
100 75
100 76
99 124
98 124
100 125
100 124
100 125
100 75
100 76
99 76
101 76
100 124
99 124
101 124
100 125
100 75
101 76
100 75
100 76
102 76
101 124
100 125
100 124
102 124
100 125
102 76
101 76
103 76
102 124
101 124
103 124
103 76
102 76
104 76
103 124
102 124
104 124
104 76
103 76
105 76
104 124
103 124
105 124
105 76
104 76
106 76
105 124
104 124
106 124
106 76
105 76
107 76
106 124
105 124
107 124
107 76
106 76
107 77
106 76
106 77
108 77
107 123
106 124
106 123
108 123
107 124
106 124
107 76
108 77
107 76
107 77
109 77
108 123
107 124
107 123
109 123
107 124
109 77
108 77
109 123
108 123
109 77
110 78
109 77
109 78
111 78
110 122
109 123
109 122
111 122
109 123
111 78
110 78
111 122
110 122
111 78
112 79
111 78
111 79
113 79
112 121
111 122
111 121
113 121
111 122
113 79
112 79
113 121
112 121
113 79
114 80
113 79
113 80
115 80
114 120
113 121
113 120
115 120
113 121
115 80
114 80
115 81
114 80
114 81
116 81
115 119
114 120
114 119
116 119
115 120
114 120
115 80
116 81
115 80
115 81
116 119
115 120
115 119
115 120
116 81
117 82
116 81
116 82
117 118
116 119
116 118
116 119
117 82
118 83
117 82
117 83
118 117
117 118
117 117
117 118
118 83
119 84
118 83
118 84
119 116
118 117
118 116
118 117
119 84
120 85
119 84
119 85
120 86
119 85
119 84
119 86
120 114
119 115
119 114
119 116
120 115
119 116
119 115
119 116
120 85
120 85
120 86
121 87
120 86
120 85
120 87
121 113
120 114
120 113
120 115
120 115
120 114
120 115
121 87
121 87
121 88
122 89
121 88
121 87
121 89
122 111
121 112
121 111
121 113
121 113
121 112
121 113
122 89
122 89
122 90
123 91
122 90
122 89
122 91
123 109
122 110
122 109
122 111
122 111
122 110
122 111
123 91
123 91
123 92
124 93
123 92
123 91
123 93
124 94
123 93
123 92
123 94
124 106
123 107
123 106
123 108
124 107
123 108
123 107
123 109
123 109
123 108
123 109
124 93
124 93
124 94
124 94
124 93
124 95
124 95
124 94
124 96
124 96
124 95
124 97
124 97
124 96
124 98
124 98
124 97
124 99
125 100
124 99
124 98
124 100
124 100
124 99
124 101
125 100
124 101
124 100
124 102
124 102
124 101
124 103
124 103
124 102
124 104
124 104
124 103
124 105
124 105
124 104
124 106
124 106
124 105
124 107
124 107
124 106
124 107
125 100
125 100
125 100
