1
1
1
1
1
0.784876
0.730678
1
0.591948
0.505103
0.645857
0.42262
0.322075
0.388126
0.278537
0.180653
0.206483
0.161647
0.0801284
0.0872878
0.0742784
1
0.020008
0.0208514
0.019245
0
0
0
1
0.020008
0.019245
0.0208514
0.0801284
0.0742784
0.0872878
0.180653
0.161647
0.206483
0.322075
0.278537
0.388126
0.505103
0.42262
0.645857
0.730678
0.591948
1
1
0.784876
1
0.767317
0.676192
0.492189
1
0.314561
0.483352
0.236117
0
0
0
0
0
0
0
0
1
0.314561
0.236117
0.483352
0.676192
0.492189
0.767317
0.699702
0.550056
0.371711
0.202041
0.0871215
0.155711
0.0607178
0.202041
0.0871215
0.0607178
0.155711
0.550056
0.371711
0.699702
0.780825
0.645843
0.404679
0.125658
0.0682878
0.15232
0.044175
0.125658
0.0682878
0.044175
0.15232
0.645843
0.404679
0.780825
1
1
0.578749
0.43534
0.287685
1
0.172277
0.43534
0.287685
0.172277
1
1
0.578749
1
0.886085
1
0.790627
0.435832
0
0
0
0
0
0
0
0
1
0.790627
0.435832
0.886085
0.829403
0.751923
0.669697
0.350637
0.751923
0.669697
0.350637
0.829403
0.829403
0.650648
0.650648
0.32233
0.650648
0.650648
0.32233
0.829403
0.886085
0.669697
0.751923
0.350637
0.669697
0.751923
0.350637
0.886085
1
0.790627
1
0.435832
0.790627
1
0.435832
1
1
0.578749
0
0
0
0
0
0
0
0
1
0.578749
0.780825
0.287685
1
0.43534
0.172277
0.287685
1
0.43534
0.172277
0.780825
0.645843
0.404679
0.645843
0.404679
0.699702
0.0682878
0.15232
0.125658
0.044175
0.0682878
0.15232
0.125658
0.044175
0.699702
0.550056
0.371711
0.550056
0.371711
0.767317
0.0871215
0.155711
0.202041
0.0607178
0.0871215
0.155711
0.202041
0.0607178
0.767317
0.676192
0.492189
0.676192
0.492189
1
0.314561
0.483352
1
0.236117
0.314561
0.483352
1
0.236117
1
1
0.784876
0
0
0
0
0
0
0
0
1
0.784876
0.730678
1
0.591948
0.730678
1
0.591948
0.505103
0.645857
0.42262
0.505103
0.645857
0.42262
0.322075
0.388126
0.278537
0.322075
0.388126
0.278537
0.180653
0.206483
0.161647
0.180653
0.206483
0.161647
0.0801284
0.0872878
0.0742784
0.0801284
0.0872878
0.0742784
1
0.020008
0.0208514
1
0.019245
0.020008
0.0208514
1
0.019245
1
1
0
0
0
0
0
0
1
1
0.020008
1
0.019245
0.0208514
0.020008
1
0.019245
0.0208514
1
0.0801284
0.0742784
0.0872878
0.0801284
0.0742784
0.0872878
0.180653
0.161647
0.206483
0.180653
0.161647
0.206483
0.322075
0.278537
0.388126
0.322075
0.278537
0.388126
0.505103
0.42262
0.645857
0.505103
0.42262
0.645857
0.730678
0.591948
1
0.730678
0.591948
1
1
0.784876
0
0
0
0
0
0
0
0
1
0.784876
1
0.314561
1
0.236117
0.483352
0.314561
1
0.236117
0.483352
1
0.676192
0.492189
0.676192
0.492189
0.767317
0.0871215
0.202041
0.0607178
0.155711
0.0871215
0.202041
0.0607178
0.155711
0.767317
0.550056
0.371711
0.550056
0.371711
0.699702
0.0682878
0.125658
0.044175
0.15232
0.0682878
0.125658
0.044175
0.15232
0.699702
0.645843
0.404679
0.645843
0.404679
0.780825
0.287685
0.43534
0.172277
1
0.287685
0.43534
0.172277
1
0.780825
1
0.578749
0
0
0
0
0
0
0
0
1
0.578749
1
0.790627
1
0.435832
0.790627
1
0.435832
1
0.886085
0.669697
0.751923
0.350637
0.669697
0.751923
0.350637
0.886085
0.829403
0.650648
0.650648
0.32233
0.650648
0.650648
0.32233
0.829403
0.829403
0.751923
0.669697
0.350637
0.751923
0.669697
0.350637
0.829403
0.886085
1
0.790627
0.435832
0
0
0
0
0
0
0
0
1
0.790627
0.435832
0.886085
1
1
0.578749
0.43534
0.287685
1
0.172277
0.43534
0.287685
0.172277
1
1
0.578749
1
0.780825
0.645843
0.404679
0.125658
0.0682878
0.15232
0.044175
0.125658
0.0682878
0.044175
0.15232
0.645843
0.404679
0.780825
0.699702
0.550056
0.371711
0.202041
0.0871215
0.155711
0.0607178
0.202041
0.0871215
0.0607178
0.155711
0.550056
0.371711
0.699702
0.767317
0.676192
0.492189
1
0.314561
0.483352
0.236117
0
0
0
0
0
0
0
0
1
0.314561
0.236117
0.483352
0.676192
0.492189
0.767317
1
1
0.784876
0.730678
1
0.591948
0.505103
0.645857
0.42262
0.322075
0.388126
0.278537
0.180653
0.206483
0.161647
0.0801284
0.0872878
0.0742784
1
0.020008
0.0208514
0.019245
0
0
0
1
0.020008
0.019245
0.0208514
0.0801284
0.0742784
0.0872878
0.180653
0.161647
0.206483
0.322075
0.278537
0.388126
0.505103
0.42262
0.645857
0.730678
0.591948
1
1
0.784876
1
1
1
1
