74 99
74 100
74 101
75 92
75 93
75 93
75 94
75 94
75 94
75 95
75 95
75 95
75 96
75 96
75 96
75 97
75 97
75 97
75 98
75 98
75 98
75 99
75 99
75 99
75 99
75 100
75 100
75 100
75 101
75 101
75 101
75 101
75 102
75 102
75 102
75 103
75 103
75 103
75 104
75 104
75 104
75 105
75 105
75 105
75 106
75 106
75 106
75 107
75 107
75 108
76 90
76 91
76 91
76 92
76 92
76 92
76 92
76 93
76 93
76 93
76 93
76 107
76 107
76 107
76 107
76 108
76 108
76 108
76 108
76 109
76 109
76 110
77 88
77 89
77 89
77 90
77 90
77 90
77 90
77 110
77 110
77 110
77 110
77 111
77 111
77 112
78 86
78 87
78 87
78 88
78 88
78 88
78 88
78 112
78 112
78 112
78 112
78 113
78 113
78 114
79 84
79 85
79 85
79 86
79 86
79 86
79 86
79 114
79 114
79 114
79 114
79 115
79 115
79 116
80 83
80 84
80 84
80 84
80 85
80 85
80 85
80 85
80 115
80 115
80 115
80 115
80 116
80 116
80 116
80 117
81 82
81 83
81 83
81 83
81 117
81 117
81 117
81 118
82 81
82 82
82 82
82 82
82 118
82 118
82 118
82 119
83 80
83 81
83 81
83 81
83 119
83 119
83 119
83 120
84 79
84 80
84 80
84 80
84 120
84 120
84 120
84 121
85 79
85 79
85 80
85 80
85 80
85 80
85 120
85 120
85 120
85 120
85 121
85 121
86 78
86 79
86 79
86 79
86 79
86 121
86 121
86 121
86 121
86 122
87 78
87 78
87 122
87 122
88 77
88 78
88 78
88 78
88 78
88 122
88 122
88 122
88 122
88 123
89 77
89 77
89 123
89 123
90 76
90 77
90 77
90 77
90 77
90 123
90 123
90 123
90 123
90 124
91 76
91 76
91 124
91 124
92 75
92 76
92 76
92 76
92 76
92 124
92 124
92 124
92 124
92 125
93 75
93 75
93 76
93 76
93 76
93 76
93 124
93 124
93 124
93 124
93 125
93 125
94 75
94 75
94 75
94 125
94 125
94 125
95 75
95 75
95 75
95 125
95 125
95 125
96 75
96 75
96 75
96 125
96 125
96 125
97 75
97 75
97 75
97 125
97 125
97 125
98 75
98 75
98 75
98 125
98 125
98 125
99 74
99 75
99 75
99 75
99 75
99 125
99 125
99 125
99 125
99 126
100 74
100 75
100 75
100 75
100 125
100 125
100 125
100 126
101 74
101 75
101 75
101 75
101 75
101 125
101 125
101 125
101 125
101 126
102 75
102 75
102 75
102 125
102 125
102 125
103 75
103 75
103 75
103 125
103 125
103 125
104 75
104 75
104 75
104 125
104 125
104 125
105 75
105 75
105 75
105 125
105 125
105 125
106 75
106 75
106 75
106 125
106 125
106 125
107 75
107 75
107 76
107 76
107 76
107 76
107 124
107 124
107 124
107 124
107 125
107 125
108 75
108 76
108 76
108 76
108 76
108 124
108 124
108 124
108 124
108 125
109 76
109 76
109 124
109 124
110 76
110 77
110 77
110 77
110 77
110 123
110 123
110 123
110 123
110 124
111 77
111 77
111 123
111 123
112 77
112 78
112 78
112 78
112 78
112 122
112 122
112 122
112 122
112 123
113 78
113 78
113 122
113 122
114 78
114 79
114 79
114 79
114 79
114 121
114 121
114 121
114 121
114 122
115 79
115 79
115 80
115 80
115 80
115 80
115 120
115 120
115 120
115 120
115 121
115 121
116 79
116 80
116 80
116 80
116 120
116 120
116 120
116 121
117 80
117 81
117 81
117 81
117 119
117 119
117 119
117 120
118 81
118 82
118 82
118 82
118 118
118 118
118 118
118 119
119 82
119 83
119 83
119 83
119 117
119 117
119 117
119 118
120 83
120 84
120 84
120 84
120 85
120 85
120 85
120 85
120 115
120 115
120 115
120 115
120 116
120 116
120 116
120 117
121 84
121 85
121 85
121 86
121 86
121 86
121 86
121 114
121 114
121 114
121 114
121 115
121 115
121 116
122 86
122 87
122 87
122 88
122 88
122 88
122 88
122 112
122 112
122 112
122 112
122 113
122 113
122 114
123 88
123 89
123 89
123 90
123 90
123 90
123 90
123 110
123 110
123 110
123 110
123 111
123 111
123 112
124 90
124 91
124 91
124 92
124 92
124 92
124 92
124 93
124 93
124 93
124 93
124 107
124 107
124 107
124 107
124 108
124 108
124 108
124 108
124 109
124 109
124 110
125 92
125 93
125 93
125 94
125 94
125 94
125 95
125 95
125 95
125 96
125 96
125 96
125 97
125 97
125 97
125 98
125 98
125 98
125 99
125 99
125 99
125 99
125 100
125 100
125 100
125 101
125 101
125 101
125 101
125 102
125 102
125 102
125 103
125 103
125 103
125 104
125 104
125 104
125 105
125 105
125 105
125 106
125 106
125 106
125 107
125 107
125 108
126 99
126 100
126 101
