73 98
73 100
73 102
74 91
74 93
74 92
74 94
74 95
74 93
74 95
74 96
74 94
74 96
74 97
74 95
74 97
74 98
74 96
74 98
74 99
74 97
75 98
74 99
74 100
74 98
74 100
74 101
74 99
75 102
74 101
74 102
74 100
74 102
74 103
74 101
74 103
74 104
74 102
74 104
74 105
74 103
74 105
74 106
74 104
74 106
74 107
74 105
74 107
74 108
74 109
75 89
75 91
75 90
76 91
75 92
75 93
75 91
76 92
75 93
75 94
75 92
76 108
75 107
75 108
75 106
76 109
75 108
75 109
75 107
75 109
75 110
75 111
76 87
76 89
76 88
77 89
76 90
76 91
76 89
77 111
76 110
76 111
76 109
76 111
76 112
76 113
77 85
77 87
77 86
78 87
77 88
77 89
77 87
78 113
77 112
77 113
77 111
77 113
77 114
77 115
78 83
78 85
78 84
79 85
78 86
78 87
78 85
79 115
78 114
78 115
78 113
78 115
78 116
78 117
79 82
80 83
79 84
79 83
80 84
79 85
79 86
79 84
80 116
79 115
79 116
79 114
80 117
79 116
79 117
79 118
80 81
81 82
80 83
80 82
81 118
80 117
80 118
80 119
81 80
82 81
81 82
81 81
82 119
81 118
81 119
81 120
82 79
83 80
82 81
82 80
83 120
82 119
82 120
82 121
83 78
84 79
83 80
83 79
84 121
83 120
83 121
83 122
85 78
84 78
85 79
86 79
84 80
84 79
85 121
86 121
84 120
84 121
85 122
84 122
85 77
86 78
87 78
85 79
85 78
86 122
87 122
85 121
85 122
85 123
87 77
86 77
87 123
86 123
87 76
88 77
89 77
87 78
87 77
88 123
89 123
87 122
87 123
87 124
89 76
88 76
89 124
88 124
89 75
90 76
91 76
89 77
89 76
90 124
91 124
89 123
89 124
89 125
91 75
90 75
91 125
90 125
91 74
92 75
93 75
91 76
91 75
92 125
93 125
91 124
91 125
91 126
93 74
92 74
93 75
94 75
92 76
92 75
93 125
94 125
92 124
92 125
93 126
92 126
94 74
95 74
93 74
94 126
95 126
93 126
95 74
96 74
94 74
95 126
96 126
94 126
96 74
97 74
95 74
96 126
97 126
95 126
97 74
98 74
96 74
97 126
98 126
96 126
98 74
99 74
97 74
98 126
99 126
97 126
98 73
99 74
100 74
98 75
98 74
99 126
100 126
98 125
98 126
98 127
100 73
100 74
101 74
99 74
100 126
101 126
99 126
100 127
102 73
101 74
102 75
102 74
100 74
101 126
102 125
102 126
100 126
102 127
102 74
103 74
101 74
102 126
103 126
101 126
103 74
104 74
102 74
103 126
104 126
102 126
104 74
105 74
103 74
104 126
105 126
103 126
105 74
106 74
104 74
105 126
106 126
104 126
106 74
107 74
105 74
106 126
107 126
105 126
107 74
108 74
107 75
108 76
108 75
106 75
107 125
108 124
108 125
106 125
107 126
108 126
109 74
108 75
109 76
109 75
107 75
108 125
109 124
109 125
107 125
109 126
109 75
110 75
109 125
110 125
111 75
110 76
111 77
111 76
109 76
110 124
111 123
111 124
109 124
111 125
111 76
112 76
111 124
112 124
113 76
112 77
113 78
113 77
111 77
112 123
113 122
113 123
111 123
113 124
113 77
114 77
113 123
114 123
115 77
114 78
115 79
115 78
113 78
114 122
115 121
115 122
113 122
115 123
115 78
116 78
115 79
116 80
116 79
114 79
115 121
116 120
116 121
114 121
115 122
116 122
117 78
116 79
117 80
117 79
116 121
117 120
117 121
117 122
118 79
117 80
118 81
118 80
117 120
118 119
118 120
118 121
119 80
118 81
119 82
119 81
118 119
119 118
119 119
119 120
120 81
119 82
120 83
120 82
119 118
120 117
120 118
120 119
121 82
120 83
121 84
121 83
120 84
121 85
121 86
121 84
120 116
121 115
121 116
121 114
120 117
121 116
121 117
121 118
122 83
122 85
122 84
121 85
122 86
122 87
122 85
121 115
122 114
122 115
122 113
122 115
122 116
122 117
123 85
123 87
123 86
122 87
123 88
123 89
123 87
122 113
123 112
123 113
123 111
123 113
123 114
123 115
124 87
124 89
124 88
123 89
124 90
124 91
124 89
123 111
124 110
124 111
124 109
124 111
124 112
124 113
125 89
125 91
125 90
124 91
125 92
125 93
125 91
124 92
125 93
125 94
125 92
124 108
125 107
125 108
125 106
124 109
125 108
125 109
125 107
125 109
125 110
125 111
126 91
126 93
126 92
126 94
126 95
126 93
126 95
126 96
126 94
126 96
126 97
126 95
126 97
126 98
126 96
126 98
126 99
126 97
125 98
126 99
126 100
126 98
126 100
126 101
126 99
125 102
126 101
126 102
126 100
126 102
126 103
126 101
126 103
126 104
126 102
126 104
126 105
126 103
126 105
126 106
126 104
126 106
126 107
126 105
126 107
126 108
126 109
127 98
127 100
127 102
