75 96
75 97
75 98
75 99
75 100
75 101
75 102
75 103
75 104
76 92
76 93
76 94
76 95
76 96
76 104
76 105
76 106
76 107
76 108
77 90
77 91
77 92
77 108
77 109
77 110
78 88
78 89
78 90
78 110
78 111
78 112
79 86
79 87
79 88
79 112
79 113
79 114
80 85
80 86
80 114
80 115
81 84
81 85
81 115
81 116
82 82
82 83
82 84
82 116
82 117
82 118
83 82
83 118
84 81
84 82
84 118
84 119
85 80
85 81
85 119
85 120
86 79
86 80
86 120
86 121
87 79
87 121
88 78
88 79
88 121
88 122
89 78
89 122
90 77
90 78
90 122
90 123
91 77
91 123
92 76
92 77
92 123
92 124
93 76
93 124
94 76
94 124
95 76
95 124
96 75
96 76
96 124
96 125
97 75
97 125
98 75
98 125
99 75
99 125
100 75
100 125
101 75
101 125
102 75
102 125
103 75
103 125
104 75
104 76
104 124
104 125
105 76
105 124
106 76
106 124
107 76
107 124
108 76
108 77
108 123
108 124
109 77
109 123
110 77
110 78
110 122
110 123
111 78
111 122
112 78
112 79
112 121
112 122
113 79
113 121
114 79
114 80
114 120
114 121
115 80
115 81
115 119
115 120
116 81
116 82
116 118
116 119
117 82
117 118
118 82
118 83
118 84
118 116
118 117
118 118
119 84
119 85
119 115
119 116
120 85
120 86
120 114
120 115
121 86
121 87
121 88
121 112
121 113
121 114
122 88
122 89
122 90
122 110
122 111
122 112
123 90
123 91
123 92
123 108
123 109
123 110
124 92
124 93
124 94
124 95
124 96
124 104
124 105
124 106
124 107
124 108
125 96
125 97
125 98
125 99
125 100
125 101
125 102
125 103
125 104
